   5.0000000e-02   6.9587649e+01
   6.0000000e-02   6.4181592e+01
   7.0000000e-02   6.0687003e+01
   8.0000000e-02   5.8334982e+01
   9.0000000e-02   5.6683972e+01
   1.0000000e-01   5.5479291e+01
   1.1000000e-01   5.4569982e+01
   1.2000000e-01   5.3863342e+01
   1.3000000e-01   5.3300302e+01
   1.4000000e-01   5.2841878e+01
   1.5000000e-01   5.2461488e+01
   1.6000000e-01   5.2140474e+01
   1.7000000e-01   5.1865393e+01
   1.8000000e-01   5.1626341e+01
   1.9000000e-01   5.1415870e+01
   2.0000000e-01   5.1228287e+01
   2.1000000e-01   5.1059175e+01
   2.2000000e-01   5.0905064e+01
   2.3000000e-01   5.0763203e+01
   2.4000000e-01   5.0631390e+01
   2.5000000e-01   5.0507854e+01
   2.6000000e-01   5.0391163e+01
   2.7000000e-01   5.0280157e+01
   2.8000000e-01   5.0173894e+01
   2.9000000e-01   5.0071610e+01
   3.0000000e-01   4.9972684e+01
   3.1000000e-01   4.9876616e+01
   3.2000000e-01   4.9783004e+01
   3.3000000e-01   4.9691527e+01
   3.4000000e-01   4.9601928e+01
   3.5000000e-01   4.9514008e+01
   3.6000000e-01   4.9427611e+01
   3.7000000e-01   4.9342617e+01
   3.8000000e-01   4.9258937e+01
   3.9000000e-01   4.9176505e+01
   4.0000000e-01   4.9095274e+01
   4.1000000e-01   4.9015213e+01
   4.2000000e-01   4.8936300e+01
   4.3000000e-01   4.8858524e+01
   4.4000000e-01   4.8781880e+01
   4.5000000e-01   4.8706366e+01
   4.6000000e-01   4.8631984e+01
   4.7000000e-01   4.8558738e+01
   4.8000000e-01   4.8486632e+01
   4.9000000e-01   4.8415671e+01
   5.0000000e-01   4.8345857e+01
   5.1000000e-01   4.8277194e+01
   5.2000000e-01   4.8209683e+01
   5.3000000e-01   4.8143323e+01
   5.4000000e-01   4.8078113e+01
   5.5000000e-01   4.8014049e+01
   5.6000000e-01   4.7951125e+01
   5.7000000e-01   4.7889335e+01
   5.8000000e-01   4.7828670e+01
   5.9000000e-01   4.7769121e+01
   6.0000000e-01   4.7710675e+01
   6.1000000e-01   4.7653320e+01
   6.2000000e-01   4.7597042e+01
   6.3000000e-01   4.7541826e+01
   6.4000000e-01   4.7487658e+01
   6.5000000e-01   4.7434519e+01
   6.6000000e-01   4.7382393e+01
   6.7000000e-01   4.7331262e+01
   6.8000000e-01   4.7281108e+01
   6.9000000e-01   4.7231913e+01
   7.0000000e-01   4.7183657e+01
   7.1000000e-01   4.7136322e+01
   7.2000000e-01   4.7089887e+01
   7.3000000e-01   4.7044335e+01
   7.4000000e-01   4.6999646e+01
   7.5000000e-01   4.6955800e+01
   7.6000000e-01   4.6912779e+01
   7.7000000e-01   4.6870564e+01
   7.8000000e-01   4.6829136e+01
   7.9000000e-01   4.6788476e+01
   8.0000000e-01   4.6748567e+01
   8.1000000e-01   4.6709390e+01
   8.2000000e-01   4.6670928e+01
   8.3000000e-01   4.6633163e+01
   8.4000000e-01   4.6596078e+01
   8.5000000e-01   4.6559657e+01
   8.6000000e-01   4.6523884e+01
   8.7000000e-01   4.6488741e+01
   8.8000000e-01   4.6454215e+01
   8.9000000e-01   4.6420289e+01
   9.0000000e-01   4.6386948e+01
   9.1000000e-01   4.6354178e+01
   9.2000000e-01   4.6321965e+01
   9.3000000e-01   4.6290295e+01
   9.4000000e-01   4.6259155e+01
   9.5000000e-01   4.6228531e+01
   9.6000000e-01   4.6198410e+01
   9.7000000e-01   4.6168781e+01
   9.8000000e-01   4.6139630e+01
   9.9000000e-01   4.6110947e+01
   1.0000000e+00   4.6082720e+01
   1.0100000e+00   4.6054938e+01
   1.0200000e+00   4.6027589e+01
   1.0300000e+00   4.6000664e+01
   1.0400000e+00   4.5974152e+01
   1.0500000e+00   4.5948044e+01
   1.0600000e+00   4.5922329e+01
   1.0700000e+00   4.5896998e+01
   1.0800000e+00   4.5872043e+01
   1.0900000e+00   4.5847454e+01
   1.1000000e+00   4.5823223e+01
   1.1100000e+00   4.5799341e+01
   1.1200000e+00   4.5775800e+01
   1.1300000e+00   4.5752593e+01
   1.1400000e+00   4.5729712e+01
   1.1500000e+00   4.5707149e+01
   1.1600000e+00   4.5684897e+01
   1.1700000e+00   4.5662950e+01
   1.1800000e+00   4.5641299e+01
   1.1900000e+00   4.5619940e+01
   1.2000000e+00   4.5598865e+01
   1.2100000e+00   4.5578067e+01
   1.2200000e+00   4.5557542e+01
   1.2300000e+00   4.5537283e+01
   1.2400000e+00   4.5517284e+01
   1.2500000e+00   4.5497541e+01
   1.2600000e+00   4.5478046e+01
   1.2700000e+00   4.5458796e+01
   1.2800000e+00   4.5439784e+01
   1.2900000e+00   4.5421007e+01
   1.3000000e+00   4.5402458e+01
   1.3100000e+00   4.5384134e+01
   1.3200000e+00   4.5366030e+01
   1.3300000e+00   4.5348142e+01
   1.3400000e+00   4.5330464e+01
   1.3500000e+00   4.5312993e+01
   1.3600000e+00   4.5295725e+01
   1.3700000e+00   4.5278656e+01
   1.3800000e+00   4.5261781e+01
   1.3900000e+00   4.5245098e+01
   1.4000000e+00   4.5228602e+01
   1.4100000e+00   4.5212289e+01
   1.4200000e+00   4.5196157e+01
   1.4300000e+00   4.5180202e+01
   1.4400000e+00   4.5164420e+01
   1.4500000e+00   4.5148809e+01
   1.4600000e+00   4.5133364e+01
   1.4700000e+00   4.5118084e+01
   1.4800000e+00   4.5102965e+01
   1.4900000e+00   4.5088004e+01
   1.5000000e+00   4.5073198e+01
   1.5100000e+00   4.5058545e+01
   1.5200000e+00   4.5044041e+01
   1.5300000e+00   4.5029685e+01
   1.5400000e+00   4.5015473e+01
   1.5500000e+00   4.5001403e+01
   1.5600000e+00   4.4987473e+01
   1.5700000e+00   4.4973680e+01
   1.5800000e+00   4.4960021e+01
   1.5900000e+00   4.4946496e+01
   1.6000000e+00   4.4933100e+01
   1.6100000e+00   4.4919833e+01
   1.6200000e+00   4.4906692e+01
   1.6300000e+00   4.4893675e+01
   1.6400000e+00   4.4880780e+01
   1.6500000e+00   4.4868004e+01
   1.6600000e+00   4.4855347e+01
   1.6700000e+00   4.4842805e+01
   1.6800000e+00   4.4830378e+01
   1.6900000e+00   4.4818064e+01
   1.7000000e+00   4.4805860e+01
   1.7100000e+00   4.4793764e+01
   1.7200000e+00   4.4781777e+01
   1.7300000e+00   4.4769894e+01
   1.7400000e+00   4.4758116e+01
   1.7500000e+00   4.4746440e+01
   1.7600000e+00   4.4734865e+01
   1.7700000e+00   4.4723389e+01
   1.7800000e+00   4.4712011e+01
   1.7900000e+00   4.4700729e+01
   1.8000000e+00   4.4689542e+01
   1.8100000e+00   4.4678449e+01
   1.8200000e+00   4.4667447e+01
   1.8300000e+00   4.4656537e+01
   1.8400000e+00   4.4645716e+01
   1.8500000e+00   4.4634984e+01
   1.8600000e+00   4.4624338e+01
   1.8700000e+00   4.4613778e+01
   1.8800000e+00   4.4603303e+01
   1.8900000e+00   4.4592911e+01
   1.9000000e+00   4.4582601e+01
   1.9100000e+00   4.4572372e+01
   1.9200000e+00   4.4562223e+01
   1.9300000e+00   4.4552153e+01
   1.9400000e+00   4.4542161e+01
   1.9500000e+00   4.4532245e+01
   1.9600000e+00   4.4522406e+01
   1.9700000e+00   4.4512640e+01
   1.9800000e+00   4.4502949e+01
   1.9900000e+00   4.4493330e+01
   2.0000000e+00   4.4483783e+01
   2.0100000e+00   4.4474307e+01
   2.0200000e+00   4.4464901e+01
   2.0300000e+00   4.4455564e+01
   2.0400000e+00   4.4446295e+01
   2.0500000e+00   4.4437093e+01
   2.0600000e+00   4.4427957e+01
   2.0700000e+00   4.4418887e+01
   2.0800000e+00   4.4409882e+01
   2.0900000e+00   4.4400941e+01
   2.1000000e+00   4.4392063e+01
   2.1100000e+00   4.4383247e+01
   2.1200000e+00   4.4374493e+01
   2.1300000e+00   4.4365799e+01
   2.1400000e+00   4.4357166e+01
   2.1500000e+00   4.4348592e+01
   2.1600000e+00   4.4340077e+01
   2.1700000e+00   4.4331620e+01
   2.1800000e+00   4.4323220e+01
   2.1900000e+00   4.4314876e+01
   2.2000000e+00   4.4306589e+01
   2.2100000e+00   4.4298356e+01
   2.2200000e+00   4.4290179e+01
   2.2300000e+00   4.4282055e+01
   2.2400000e+00   4.4273985e+01
   2.2500000e+00   4.4265967e+01
   2.2600000e+00   4.4258001e+01
   2.2700000e+00   4.4250087e+01
   2.2800000e+00   4.4242224e+01
   2.2900000e+00   4.4234412e+01
   2.3000000e+00   4.4226649e+01
   2.3100000e+00   4.4218936e+01
   2.3200000e+00   4.4211271e+01
   2.3300000e+00   4.4203654e+01
   2.3400000e+00   4.4196085e+01
   2.3500000e+00   4.4188563e+01
   2.3600000e+00   4.4181088e+01
   2.3700000e+00   4.4173659e+01
   2.3800000e+00   4.4166276e+01
   2.3900000e+00   4.4158937e+01
   2.4000000e+00   4.4151643e+01
   2.4100000e+00   4.4144394e+01
   2.4200000e+00   4.4137188e+01
   2.4300000e+00   4.4130025e+01
   2.4400000e+00   4.4122905e+01
   2.4500000e+00   4.4115828e+01
   2.4600000e+00   4.4108792e+01
   2.4700000e+00   4.4101798e+01
   2.4800000e+00   4.4094845e+01
   2.4900000e+00   4.4087932e+01
   2.5000000e+00   4.4081060e+01
   2.5100000e+00   4.4074228e+01
   2.5200000e+00   4.4067435e+01
   2.5300000e+00   4.4060680e+01
   2.5400000e+00   4.4053965e+01
   2.5500000e+00   4.4047287e+01
   2.5600000e+00   4.4040648e+01
   2.5700000e+00   4.4034046e+01
   2.5800000e+00   4.4027481e+01
   2.5900000e+00   4.4020953e+01
   2.6000000e+00   4.4014461e+01
   2.6100000e+00   4.4008005e+01
   2.6200000e+00   4.4001585e+01
   2.6300000e+00   4.3995200e+01
   2.6400000e+00   4.3988850e+01
   2.6500000e+00   4.3982535e+01
   2.6600000e+00   4.3976254e+01
   2.6700000e+00   4.3970007e+01
   2.6800000e+00   4.3963794e+01
   2.6900000e+00   4.3957614e+01
   2.7000000e+00   4.3951467e+01
   2.7100000e+00   4.3945353e+01
   2.7200000e+00   4.3939271e+01
   2.7300000e+00   4.3933222e+01
   2.7400000e+00   4.3927204e+01
   2.7500000e+00   4.3921218e+01
   2.7600000e+00   4.3915263e+01
   2.7700000e+00   4.3909338e+01
   2.7800000e+00   4.3903445e+01
   2.7900000e+00   4.3897582e+01
   2.8000000e+00   4.3891749e+01
   2.8100000e+00   4.3885946e+01
   2.8200000e+00   4.3880173e+01
   2.8300000e+00   4.3874429e+01
   2.8400000e+00   4.3868714e+01
   2.8500000e+00   4.3863028e+01
   2.8600000e+00   4.3857370e+01
   2.8700000e+00   4.3851741e+01
   2.8800000e+00   4.3846140e+01
   2.8900000e+00   4.3840566e+01
   2.9000000e+00   4.3835021e+01
   2.9100000e+00   4.3829502e+01
   2.9200000e+00   4.3824011e+01
   2.9300000e+00   4.3818546e+01
   2.9400000e+00   4.3813108e+01
   2.9500000e+00   4.3807697e+01
   2.9600000e+00   4.3802312e+01
   2.9700000e+00   4.3796952e+01
   2.9800000e+00   4.3791619e+01
   2.9900000e+00   4.3786311e+01
   3.0000000e+00   4.3781028e+01
   3.0100000e+00   4.3775771e+01
   3.0200000e+00   4.3770538e+01
   3.0300000e+00   4.3765330e+01
   3.0400000e+00   4.3760146e+01
   3.0500000e+00   4.3754987e+01
   3.0600000e+00   4.3749852e+01
   3.0700000e+00   4.3744741e+01
   3.0800000e+00   4.3739653e+01
   3.0900000e+00   4.3734589e+01
   3.1000000e+00   4.3729549e+01
   3.1100000e+00   4.3724531e+01
   3.1200000e+00   4.3719537e+01
   3.1300000e+00   4.3714565e+01
   3.1400000e+00   4.3709616e+01
   3.1500000e+00   4.3704689e+01
   3.1600000e+00   4.3699784e+01
   3.1700000e+00   4.3694902e+01
   3.1800000e+00   4.3690041e+01
   3.1900000e+00   4.3685202e+01
   3.2000000e+00   4.3680385e+01
   3.2100000e+00   4.3675589e+01
   3.2200000e+00   4.3670814e+01
   3.2300000e+00   4.3666060e+01
   3.2400000e+00   4.3661327e+01
   3.2500000e+00   4.3656615e+01
   3.2600000e+00   4.3651924e+01
   3.2700000e+00   4.3647253e+01
   3.2800000e+00   4.3642602e+01
   3.2900000e+00   4.3637971e+01
   3.3000000e+00   4.3633360e+01
   3.3100000e+00   4.3628769e+01
   3.3200000e+00   4.3624198e+01
   3.3300000e+00   4.3619646e+01
   3.3400000e+00   4.3615113e+01
   3.3500000e+00   4.3610600e+01
   3.3600000e+00   4.3606106e+01
   3.3700000e+00   4.3601630e+01
   3.3800000e+00   4.3597174e+01
   3.3900000e+00   4.3592736e+01
   3.4000000e+00   4.3588317e+01
   3.4100000e+00   4.3583916e+01
   3.4200000e+00   4.3579533e+01
   3.4300000e+00   4.3575169e+01
   3.4400000e+00   4.3570822e+01
   3.4500000e+00   4.3566494e+01
   3.4600000e+00   4.3562183e+01
   3.4700000e+00   4.3557889e+01
   3.4800000e+00   4.3553613e+01
   3.4900000e+00   4.3549355e+01
   3.5000000e+00   4.3545114e+01
   3.5100000e+00   4.3540890e+01
   3.5200000e+00   4.3536683e+01
   3.5300000e+00   4.3532492e+01
   3.5400000e+00   4.3528319e+01
   3.5500000e+00   4.3524162e+01
   3.5600000e+00   4.3520022e+01
   3.5700000e+00   4.3515898e+01
   3.5800000e+00   4.3511790e+01
   3.5900000e+00   4.3507699e+01
   3.6000000e+00   4.3503624e+01
   3.6100000e+00   4.3499564e+01
   3.6200000e+00   4.3495521e+01
   3.6300000e+00   4.3491493e+01
   3.6400000e+00   4.3487481e+01
   3.6500000e+00   4.3483484e+01
   3.6600000e+00   4.3479503e+01
   3.6700000e+00   4.3475537e+01
   3.6800000e+00   4.3471587e+01
   3.6900000e+00   4.3467651e+01
   3.7000000e+00   4.3463731e+01
   3.7100000e+00   4.3459825e+01
   3.7200000e+00   4.3455935e+01
   3.7300000e+00   4.3452059e+01
   3.7400000e+00   4.3448198e+01
   3.7500000e+00   4.3444351e+01
   3.7600000e+00   4.3440518e+01
   3.7700000e+00   4.3436700e+01
   3.7800000e+00   4.3432897e+01
   3.7900000e+00   4.3429107e+01
   3.8000000e+00   4.3425332e+01
   3.8100000e+00   4.3421570e+01
   3.8200000e+00   4.3417823e+01
   3.8300000e+00   4.3414089e+01
   3.8400000e+00   4.3410369e+01
   3.8500000e+00   4.3406662e+01
   3.8600000e+00   4.3402969e+01
   3.8700000e+00   4.3399290e+01
   3.8800000e+00   4.3395624e+01
   3.8900000e+00   4.3391971e+01
   3.9000000e+00   4.3388331e+01
   3.9100000e+00   4.3384704e+01
   3.9200000e+00   4.3381091e+01
   3.9300000e+00   4.3377490e+01
   3.9400000e+00   4.3373903e+01
   3.9500000e+00   4.3370328e+01
   3.9600000e+00   4.3366766e+01
   3.9700000e+00   4.3363216e+01
   3.9800000e+00   4.3359679e+01
   3.9900000e+00   4.3356155e+01
   4.0000000e+00   4.3352642e+01
   4.0100000e+00   4.3349143e+01
   4.0200000e+00   4.3345655e+01
   4.0300000e+00   4.3342180e+01
   4.0400000e+00   4.3338716e+01
   4.0500000e+00   4.3335265e+01
   4.0600000e+00   4.3331826e+01
   4.0700000e+00   4.3328399e+01
   4.0800000e+00   4.3324983e+01
   4.0900000e+00   4.3321579e+01
   4.1000000e+00   4.3318187e+01
   4.1100000e+00   4.3314806e+01
   4.1200000e+00   4.3311437e+01
   4.1300000e+00   4.3308080e+01
   4.1400000e+00   4.3304734e+01
   4.1500000e+00   4.3301399e+01
   4.1600000e+00   4.3298075e+01
   4.1700000e+00   4.3294763e+01
   4.1800000e+00   4.3291462e+01
   4.1900000e+00   4.3288172e+01
   4.2000000e+00   4.3284892e+01
   4.2100000e+00   4.3281624e+01
   4.2200000e+00   4.3278367e+01
   4.2300000e+00   4.3275120e+01
   4.2400000e+00   4.3271884e+01
   4.2500000e+00   4.3268659e+01
   4.2600000e+00   4.3265445e+01
   4.2700000e+00   4.3262241e+01
   4.2800000e+00   4.3259048e+01
   4.2900000e+00   4.3255865e+01
   4.3000000e+00   4.3252692e+01
   4.3100000e+00   4.3249530e+01
   4.3200000e+00   4.3246378e+01
   4.3300000e+00   4.3243236e+01
   4.3400000e+00   4.3240105e+01
   4.3500000e+00   4.3236983e+01
   4.3600000e+00   4.3233872e+01
   4.3700000e+00   4.3230770e+01
   4.3800000e+00   4.3227679e+01
   4.3900000e+00   4.3224597e+01
   4.4000000e+00   4.3221525e+01
   4.4100000e+00   4.3218463e+01
   4.4200000e+00   4.3215411e+01
   4.4300000e+00   4.3212368e+01
   4.4400000e+00   4.3209335e+01
   4.4500000e+00   4.3206311e+01
   4.4600000e+00   4.3203297e+01
   4.4700000e+00   4.3200293e+01
   4.4800000e+00   4.3197298e+01
   4.4900000e+00   4.3194312e+01
   4.5000000e+00   4.3191335e+01
   4.5100000e+00   4.3188368e+01
   4.5200000e+00   4.3185410e+01
   4.5300000e+00   4.3182461e+01
   4.5400000e+00   4.3179521e+01
   4.5500000e+00   4.3176590e+01
   4.5600000e+00   4.3173669e+01
   4.5700000e+00   4.3170756e+01
   4.5800000e+00   4.3167852e+01
   4.5900000e+00   4.3164957e+01
   4.6000000e+00   4.3162070e+01
   4.6100000e+00   4.3159193e+01
   4.6200000e+00   4.3156324e+01
   4.6300000e+00   4.3153464e+01
   4.6400000e+00   4.3150613e+01
   4.6500000e+00   4.3147770e+01
   4.6600000e+00   4.3144935e+01
   4.6700000e+00   4.3142109e+01
   4.6800000e+00   4.3139292e+01
   4.6900000e+00   4.3136483e+01
   4.7000000e+00   4.3133682e+01
   4.7100000e+00   4.3130890e+01
   4.7200000e+00   4.3128106e+01
   4.7300000e+00   4.3125330e+01
   4.7400000e+00   4.3122562e+01
   4.7500000e+00   4.3119803e+01
   4.7600000e+00   4.3117052e+01
   4.7700000e+00   4.3114308e+01
   4.7800000e+00   4.3111573e+01
   4.7900000e+00   4.3108846e+01
   4.8000000e+00   4.3106126e+01
   4.8100000e+00   4.3103415e+01
   4.8200000e+00   4.3100711e+01
   4.8300000e+00   4.3098016e+01
   4.8400000e+00   4.3095328e+01
   4.8500000e+00   4.3092647e+01
   4.8600000e+00   4.3089975e+01
   4.8700000e+00   4.3087310e+01
   4.8800000e+00   4.3084653e+01
   4.8900000e+00   4.3082003e+01
   4.9000000e+00   4.3079361e+01
   4.9100000e+00   4.3076727e+01
   4.9200000e+00   4.3074100e+01
   4.9300000e+00   4.3071480e+01
   4.9400000e+00   4.3068868e+01
   4.9500000e+00   4.3066263e+01
   4.9600000e+00   4.3063666e+01
   4.9700000e+00   4.3061075e+01
   4.9800000e+00   4.3058492e+01
   4.9900000e+00   4.3055917e+01
   5.0000000e+00   4.3053348e+01
   5.0100000e+00   4.3050787e+01
